0.000000 0.000000
0.040000 3.585155
0.060000 3.588898
0.080000 3.592658
0.100000 3.596435
0.120000 3.600231
0.140000 3.604045
0.160000 3.607877
0.180000 3.611727
0.200000 3.615595
0.220000 3.619481
0.240000 3.623386
0.260000 3.627308
0.280000 3.631249
0.300000 3.635209
0.320000 3.639186
0.340000 3.643182
0.360000 3.647197
0.380000 3.651230
0.400000 3.655281
0.420000 3.659351
0.440000 3.663439
0.460000 3.667545
0.480000 3.671670
0.500000 3.675814
0.520000 3.679975
0.540000 3.684155
0.560000 3.688354
0.580000 -2.437096
0.600000 -2.439897
0.620000 -2.442717
0.640000 -2.445555
0.660000 -2.448412
0.680000 -2.451287
0.700000 -2.454181
0.720000 -2.457094
0.740000 -2.460026
0.760000 -2.462978
0.780000 -2.465948
0.800000 -2.468937
0.820000 -2.471946
0.840000 -2.474974
0.860000 -2.478022
0.880000 -2.481089
0.900000 -2.484175
0.920000 -2.487280
0.940000 -2.490405
0.960000 -2.493549
0.980000 -2.496712
1.000000 -2.499893
1.020000 -2.503094
1.040000 7.738371
1.060000 0.000000
1.080000 0.000000
1.100000 0.000000
1.120000 0.000000
1.140000 0.000000
1.160000 0.000000
1.180000 0.000000
1.200000 0.000000
1.220000 0.000000
1.240000 0.000000
1.260000 0.000000
1.280000 0.000000
1.300000 0.000000
1.320000 0.000000
1.340000 0.000000
1.360000 0.000000
1.380000 0.000000
1.400000 0.000000
1.420000 0.000000
1.440000 0.000000
1.460000 0.000000
1.480000 0.000000
1.500000 0.000000
1.520000 0.000000
1.540000 0.000000
1.560000 0.000000
1.580000 0.000000
1.600000 0.000000
1.620000 0.000000
1.640000 0.000000
1.660000 0.000000
1.680000 0.000000
1.700000 0.000000
1.720000 0.000000
1.740000 0.000000
1.760000 0.000000
1.780000 0.000000
1.800000 0.000000
1.820000 0.000000
1.840000 0.000000
1.860000 0.000000
1.880000 0.000000
1.900000 0.000000
1.920000 0.000000
1.940000 0.000000
1.960000 0.000000
1.980000 0.000000
2.000000 0.000000
2.020000 0.000000
2.040000 0.000000
2.060000 0.000000
2.080000 0.000000
2.100000 0.000000
2.120000 0.000000
2.140000 0.000000
2.160000 0.000000
2.180000 0.000000
2.200000 0.000000
2.220000 0.000000
2.240000 0.000000
2.260000 0.000000
2.280000 0.000000
2.300000 0.000000
2.320000 0.000000
2.340000 0.000000
2.360000 0.000000
2.380000 0.000000
2.400000 0.000000
2.420000 0.000000
2.440000 0.000000
2.460000 0.000000
2.480000 0.000000
2.500000 0.000000
