0.000000 0.000000
0.020000 0.109200
0.040000 0.109200
0.060000 0.109200
0.080000 0.109200
0.100000 0.109200
0.120000 0.109200
0.140000 0.109200
0.160000 0.109200
0.180000 0.109200
0.200000 0.109200
0.220000 0.109200
0.240000 0.109200
0.260000 0.109200
0.280000 0.109200
0.300000 0.109200
0.320000 0.109200
0.340000 0.109200
0.360000 0.109200
0.380000 0.109200
0.400000 0.109200
0.420000 0.109200
0.440000 0.109200
0.460000 0.109200
0.480000 0.109200
0.500000 0.109200
0.520000 0.109200
0.540000 0.109200
0.560000 0.109200
0.580000 0.109200
0.600000 0.109200
0.620000 0.109200
0.640000 0.109200
0.660000 0.109200
0.680000 0.109200
0.700000 0.109200
0.720000 0.109200
0.740000 0.109200
0.760000 0.109200
0.780000 0.109200
0.800000 0.109200
0.820000 0.109200
0.840000 0.109200
0.860000 0.109200
0.880000 0.109200
0.900000 0.109200
0.920000 0.109200
0.940000 0.109200
0.960000 0.109200
0.980000 0.109200
1.000000 0.109200
1.020000 0.109200
1.040000 0.109200
1.060000 0.109200
1.080000 0.109200
1.100000 0.109200
1.120000 0.109200
1.140000 0.109200
1.160000 0.109200
1.180000 0.109200
1.200000 0.109200
1.220000 0.109200
1.240000 0.109200
1.260000 0.109200
1.280000 0.109200
1.300000 0.109200
1.320000 0.109200
1.340000 0.109200
1.360000 0.109200
1.380000 0.109200
1.400000 0.109200
1.420000 0.109200
1.440000 0.109200
1.460000 0.109200
1.480000 0.109200
1.500000 0.109200
1.520000 0.109200
1.540000 0.109200
1.560000 0.109200
1.580000 0.109200
