0.000000 0.000000
0.040000 1.773883
0.060000 1.766299
0.080000 1.758639
0.100000 1.750900
0.120000 1.743082
0.140000 1.735183
0.160000 1.727201
0.180000 1.719136
0.200000 1.710986
0.220000 1.702750
0.240000 1.694425
0.260000 1.686011
0.280000 1.677506
0.300000 1.668909
0.320000 1.660217
0.340000 1.651430
0.360000 1.642545
0.380000 1.633561
0.400000 1.624476
0.420000 1.615287
0.440000 1.605994
0.460000 1.596594
0.480000 1.587084
0.500000 1.577464
0.520000 1.567731
0.540000 1.557883
0.560000 1.547917
0.580000 -1.014969
0.600000 -1.008217
0.620000 -1.001366
0.640000 -0.994415
0.660000 -0.987361
0.680000 -0.980200
0.700000 -0.972931
0.720000 -0.965551
0.740000 -0.958056
0.760000 -0.950443
0.780000 -0.942710
0.800000 -0.934852
0.820000 -0.926867
0.840000 -0.918750
0.860000 -0.910499
0.880000 -0.902108
0.900000 -0.893575
0.920000 -0.884894
0.940000 -0.876062
0.960000 -0.867073
0.980000 -0.857923
1.000000 -0.848607
1.020000 -0.839120
1.040000 2.560985
1.060000 0.000000
1.080000 0.000000
1.100000 0.000000
1.120000 0.000000
1.140000 0.000000
1.160000 0.000000
1.180000 0.000000
1.200000 0.000000
1.220000 0.000000
1.240000 0.000000
1.260000 0.000000
1.280000 0.000000
1.300000 0.000000
1.320000 0.000000
1.340000 0.000000
1.360000 0.000000
1.380000 0.000000
1.400000 0.000000
1.420000 0.000000
1.440000 0.000000
1.460000 0.000000
1.480000 0.000000
1.500000 0.000000
1.520000 0.000000
1.540000 0.000000
1.560000 0.000000
1.580000 0.000000
1.600000 0.000000
1.620000 0.000000
1.640000 0.000000
1.660000 0.000000
1.680000 0.000000
1.700000 0.000000
1.720000 0.000000
1.740000 0.000000
1.760000 0.000000
1.780000 0.000000
1.800000 0.000000
1.820000 0.000000
1.840000 0.000000
1.860000 0.000000
1.880000 0.000000
1.900000 0.000000
1.920000 0.000000
1.940000 0.000000
1.960000 0.000000
1.980000 0.000000
2.000000 0.000000
2.020000 0.000000
2.040000 0.000000
2.060000 0.000000
2.080000 0.000000
2.100000 0.000000
2.120000 0.000000
2.140000 0.000000
2.160000 0.000000
2.180000 0.000000
2.200000 0.000000
2.220000 0.000000
2.240000 0.000000
2.260000 0.000000
2.280000 0.000000
2.300000 0.000000
2.320000 0.000000
2.340000 0.000000
2.360000 0.000000
2.380000 0.000000
2.400000 0.000000
2.420000 0.000000
2.440000 0.000000
2.460000 0.000000
2.480000 0.000000
2.500000 0.000000
