0.040000 5.533244
0.060000 5.493328
0.080000 5.453444
0.100000 5.413590
0.120000 5.373768
0.140000 5.333977
0.160000 5.294218
0.180000 5.254490
0.200000 5.214793
0.220000 5.175128
0.240000 5.135495
0.260000 5.095893
0.280000 5.056323
0.300000 5.016784
0.320000 4.977278
0.340000 4.937803
0.360000 4.898360
0.380000 4.858950
0.400000 4.819571
0.420000 4.780225
0.440000 4.740912
0.460000 4.701630
0.480000 4.662382
0.500000 4.623166
0.520000 4.583983
0.540000 4.544834
0.560000 4.505717
0.580000 4.456634
0.600000 4.407584
0.620000 4.358569
0.640000 4.309587
0.660000 4.260640
0.680000 4.211727
0.700000 4.162849
0.720000 4.114007
0.740000 4.065201
0.760000 4.016430
0.780000 3.967696
0.800000 3.918998
0.820000 3.870338
0.840000 3.821715
0.860000 3.773131
0.880000 3.724585
0.900000 3.676078
0.920000 3.627610
0.940000 3.579183
0.960000 3.530797
0.980000 3.482451
1.000000 3.434148
1.020000 3.385887
1.040000 3.336584
1.060000 3.287324
1.080000 3.238109
1.100000 3.188940
1.120000 3.139817
1.140000 3.090741
1.160000 3.041714
1.180000 2.992736
1.200000 2.943808
1.220000 2.894932
1.240000 2.846108
1.260000 2.797338
1.280000 2.748623
1.300000 2.699965
1.320000 2.651364
1.340000 2.602822
1.360000 2.554341
1.380000 2.505922
1.400000 2.457568
1.420000 2.409279
1.440000 2.361059
1.460000 2.312908
1.480000 2.264829
1.500000 2.216825
1.520000 2.168898
1.540000 2.121050
1.560000 2.073284
1.580000 2.025602
1.600000 1.978009
1.620000 1.930507
1.640000 1.883100
1.660000 1.835791
1.680000 1.788585
1.700000 1.741485
1.720000 1.694496
1.740000 1.647623
1.760000 1.600870
1.780000 1.554245
1.800000 1.507752
1.820000 1.461397
1.840000 1.415189
1.860000 1.369133
1.880000 1.323239
1.900000 1.277515
1.920000 1.231970
1.940000 1.186614
1.960000 1.141469
1.980000 1.096539
2.000000 1.051836
2.020000 1.007374
2.040000 0.963169
2.060000 0.919240
2.080000 0.875606
2.100000 0.832289
2.120000 0.789312
2.140000 0.746704
2.160000 0.704493
2.180000 0.662715
2.200000 0.621407
2.220000 0.580613
2.240000 0.540380
2.260000 0.500766
2.280000 0.461832
2.300000 0.423652
2.320000 0.386307
2.340000 0.349893
2.360000 0.314519
2.380000 0.280306
2.400000 0.247394
2.420000 0.215938
2.440000 0.186105
2.460000 0.158067
2.480000 0.131988
2.500000 0.108000
