2.328125 2.625000
2.340015 2.640992
2.351935 2.656968
2.363886 2.672928
2.375868 2.688872
2.387880 2.704800
2.399924 2.720712
2.411999 2.736608
2.424105 2.752488
2.436244 2.768352
2.448415 2.784200
2.460618 2.800032
2.472854 2.815848
2.485123 2.831648
2.497425 2.847432
2.509760 2.863200
2.522129 2.878952
2.534532 2.894688
2.546968 2.910408
2.559439 2.926112
2.571945 2.941800
2.584485 2.957472
2.597061 2.973128
2.609672 2.988768
2.622318 3.004392
2.635000 3.020000
2.647718 3.035592
2.660472 3.051168
2.673263 3.066728
2.686091 3.082272
2.698955 3.097800
2.711857 3.113312
2.724796 3.128808
2.737772 3.144288
2.750787 3.159752
2.763840 3.175200
2.776931 3.190632
2.790061 3.206048
2.803230 3.221448
2.816438 3.236832
2.829685 3.252200
2.842972 3.267552
2.856299 3.282888
2.869665 3.298208
2.883072 3.313512
2.896520 3.328800
2.910008 3.344072
2.923538 3.359328
2.937109 3.374568
2.950721 3.389792
2.964375 3.405000
2.978071 3.420192
2.991809 3.435368
3.005590 3.450528
3.019414 3.465672
3.033280 3.480800
3.047190 3.495912
3.061143 3.511008
3.075139 3.526088
3.089180 3.541152
3.103265 3.556200
3.117394 3.571232
3.131568 3.586248
3.145787 3.601248
3.160051 3.616232
3.174360 3.631200
3.188715 3.646152
3.203116 3.661088
3.217562 3.676008
3.232055 3.690912
3.246595 3.705800
3.261181 3.720672
3.275815 3.735528
3.290496 3.750368
3.305224 3.765192
3.320000 3.780000
3.334824 3.794792
3.349696 3.809568
3.364617 3.824328
3.379587 3.839072
3.394605 3.853800
3.409673 3.868512
3.424790 3.883208
3.439956 3.897888
3.455173 3.912552
3.470440 3.927200
3.485757 3.941832
3.501125 3.956448
3.516544 3.971048
3.532014 3.985632
3.547535 4.000200
3.563108 4.014752
3.578733 4.029288
3.594409 4.043808
3.610138 4.058312
3.625920 4.072800
3.641754 4.087272
3.657642 4.101728
3.673583 4.116168
3.689577 4.130592
3.705625 4.145000
3.721727 4.159392
3.737883 4.173768
3.754094 4.188128
3.770360 4.202472
3.786680 4.216800
3.803056 4.231112
3.819487 4.245408
3.835973 4.259688
3.852516 4.273952
3.869115 4.288200
3.885770 4.302432
3.902482 4.316648
3.919251 4.330848
3.936077 4.345032
3.952960 4.359200
3.969901 4.373352
3.986900 4.387488
4.003956 4.401608
4.021071 4.415712
4.038245 4.429800
4.055477 4.443872
4.072769 4.457928
4.090120 4.471968
4.107530 4.485992
4.125000 4.500000
4.142530 4.513992
4.160120 4.527968
4.177771 4.541928
4.195483 4.555872
4.213255 4.569800
4.231089 4.583712
4.248984 4.597608
4.266940 4.611488
4.284959 4.625352
4.303040 4.639200
4.321183 4.653032
4.339389 4.666848
4.357658 4.680648
4.375990 4.694432
4.394385 4.708200
4.412844 4.721952
4.431367 4.735688
4.449953 4.749408
4.468604 4.763112
4.487320 4.776800
4.506100 4.790472
4.524946 4.804128
4.543857 4.817768
4.562833 4.831392
4.581875 4.845000
4.600983 4.858592
4.620157 4.872168
4.639398 4.885728
4.658706 4.899272
4.678080 4.912800
4.697522 4.926312
4.717031 4.939808
4.736607 4.953288
4.756252 4.966752
4.775965 4.980200
4.795746 4.993632
4.815596 5.007048
4.835515 5.020448
4.855503 5.033832
4.875560 5.047200
4.895687 5.060552
4.915884 5.073888
4.936150 5.087208
4.956487 5.100512
4.976895 5.113800
4.997373 5.127072
5.017923 5.140328
5.038544 5.153568
5.059236 5.166792
5.080000 5.180000
5.100836 5.193192
5.121744 5.206368
5.142725 5.219528
5.163779 5.232672
5.184905 5.245800
5.206105 5.258912
5.227378 5.272008
5.248724 5.285088
5.270145 5.298152
5.291640 5.311200
5.313209 5.324232
5.334853 5.337248
5.356572 5.350248
5.378366 5.363232
5.400235 5.376200
5.422180 5.389152
5.444201 5.402088
5.466297 5.415008
5.488470 5.427912
5.510720 5.440800
5.533046 5.453672
5.555450 5.466528
5.577931 5.479368
5.600489 5.492192
5.623125 5.505000
5.645839 5.517792
5.668631 5.530568
5.691502 5.543328
5.714452 5.556072
5.737480 5.568800
5.760588 5.581512
5.783775 5.594208
5.807041 5.606888
5.830388 5.619552
5.853815 5.632200
5.877322 5.644832
5.900910 5.657448
5.924579 5.670048
5.948329 5.682632
5.972160 5.695200
5.996073 5.707752
6.020068 5.720288
6.044144 5.732808
6.068303 5.745312
6.092545 5.757800
6.116869 5.770272
6.141277 5.782728
6.165768 5.795168
6.190342 5.807592
6.215000 5.820000
6.239742 5.832392
6.264568 5.844768
6.289479 5.857128
6.314475 5.869472
6.339555 5.881800
6.364721 5.894112
6.389972 5.906408
6.415308 5.918688
6.440731 5.930952
6.466240 5.943200
6.491835 5.955432
6.517517 5.967648
6.543286 5.979848
6.569142 5.992032
0.000000 0.000000
