1.010000 0.517992
1.020000 0.535968
1.030001 0.553928
1.040003 0.571872
1.050005 0.589800
1.060009 0.607712
1.070014 0.625608
1.080020 0.643488
1.090029 0.661352
1.100040 0.679200
1.110053 0.697032
1.120069 0.714848
1.130088 0.732648
1.140110 0.750432
1.150135 0.768200
1.160164 0.785952
1.170197 0.803688
1.180233 0.821408
1.190274 0.839112
1.200320 0.856800
1.210370 0.874472
1.220426 0.892128
1.230487 0.909768
1.240553 0.927392
1.250625 0.945000
1.260703 0.962592
1.270787 0.980168
1.280878 0.997728
1.290976 1.015272
1.301080 1.032800
1.311192 1.050312
1.321311 1.067808
1.331437 1.085288
1.341572 1.102752
1.351715 1.120200
1.361866 1.137632
1.372026 1.155048
1.382195 1.172448
1.392373 1.189832
1.402560 1.207200
1.412757 1.224552
1.422964 1.241888
1.433180 1.259208
1.443407 1.276512
1.453645 1.293800
1.463893 1.311072
1.474153 1.328328
1.484424 1.345568
1.494706 1.362792
1.505000 1.380000
1.515306 1.397192
1.525624 1.414368
1.535955 1.431528
1.546299 1.448672
1.556655 1.465800
1.567025 1.482912
1.577408 1.500008
1.587804 1.517088
1.598215 1.534152
1.608640 1.551200
1.619079 1.568232
1.629533 1.585248
1.640002 1.602248
1.650486 1.619232
1.660985 1.636200
1.671500 1.653152
1.682031 1.670088
1.692577 1.687008
1.703140 1.703912
1.713720 1.720800
1.724316 1.737672
1.734930 1.754528
1.745561 1.771368
1.756209 1.788192
1.766875 1.805000
1.777559 1.821792
1.788261 1.838568
1.798982 1.855328
1.809722 1.872072
1.820480 1.888800
1.831258 1.905512
1.842055 1.922208
1.852871 1.938888
1.863708 1.955552
1.874565 1.972200
1.885442 1.988832
1.896340 2.005448
1.907259 2.022048
1.918199 2.038632
1.929160 2.055200
1.940143 2.071752
1.951148 2.088288
1.962174 2.104808
1.973223 2.121312
1.984295 2.137800
1.995389 2.154272
2.006507 2.170728
2.017648 2.187168
2.028812 2.203592
2.040000 2.220000
2.051212 2.236392
2.062448 2.252768
2.073709 2.269128
2.084995 2.285472
2.096305 2.301800
2.107641 2.318112
2.119002 2.334408
2.130388 2.350688
2.141801 2.366952
2.153240 2.383200
2.164705 2.399432
2.176197 2.415648
2.187716 2.431848
2.199262 2.448032
2.210835 2.464200
2.222436 2.480352
2.234065 2.496488
2.245721 2.512608
2.257406 2.528712
2.269120 2.544800
2.280862 2.560872
2.292634 2.576928
2.304435 2.592968
2.316265 2.608992
2.328125 2.625000
