6.000000 3.000000
5.979385 2.989800
5.958749 2.979644
5.938091 2.969532
5.917412 2.959464
5.896711 2.949441
5.875987 2.939464
5.855242 2.929533
5.834475 2.919648
5.813685 2.909809
5.792873 2.900019
5.772038 2.890276
5.751181 2.880581
5.730302 2.870935
5.709399 2.861339
5.688474 2.851793
5.667526 2.842297
5.646554 2.832853
5.625560 2.823460
5.604542 2.814119
5.583501 2.804831
5.562436 2.795597
5.541347 2.786416
5.520235 2.777290
5.499099 2.768220
5.477940 2.759206
5.456756 2.750248
5.435548 2.741347
5.405084 2.728660
5.374585 2.716057
5.344051 2.703540
5.313482 2.691110
5.282877 2.678768
5.252236 2.666516
5.221558 2.654354
5.190845 2.642285
5.160094 2.630309
5.129307 2.618428
5.098483 2.606644
5.067621 2.594959
5.036722 2.583373
5.005784 2.571889
4.974809 2.560507
4.943796 2.549231
4.912743 2.538061
4.881652 2.527000
4.850522 2.516049
4.819353 2.505211
4.788144 2.494487
4.756895 2.483879
4.725607 2.473390
4.693247 2.462681
4.660845 2.452099
4.628401 2.441646
4.595914 2.431326
4.563386 2.421140
4.530814 2.411092
4.498199 2.401185
4.465541 2.391421
4.432840 2.381803
4.400095 2.372335
4.367306 2.363020
4.334474 2.353862
4.301597 2.344863
4.268675 2.336028
4.235710 2.327360
4.202699 2.318864
4.169644 2.310543
4.136544 2.302403
4.103400 2.294446
4.070210 2.286679
4.036976 2.279106
4.003697 2.271732
3.970373 2.264562
3.937005 2.257603
3.903593 2.250860
3.870136 2.244339
3.836635 2.238046
3.803092 2.231990
3.769505 2.226176
3.735876 2.220612
3.702205 2.215307
3.668493 2.210268
3.634741 2.205505
3.600951 2.201026
3.567122 2.196842
3.533258 2.192962
3.499358 2.189399
3.465426 2.186163
3.431463 2.183268
3.397471 2.180726
3.363455 2.178552
3.329415 2.176761
3.295358 2.175368
3.261285 2.174392
3.227204 2.173850
3.193117 2.173763
3.159033 2.173375
3.124959 2.174286
3.090903 2.175720
3.056875 2.177706
3.022886 2.180272
2.988948 2.183449
2.955076 2.187272
2.921289 2.191778
2.887607 2.197007
2.854052 2.203006
2.820655 2.209822
2.787446 2.217508
2.754467 2.226124
2.721764 2.235734
2.689392 2.246410
2.657420 2.258228
2.625929 2.271274
2.595019 2.285640
2.564809 2.301428
2.535449 2.318743
2.507119 2.337699
2.480046 2.358409
2.454503 2.380980
2.430831 2.405505
2.409437 2.432042
2.390811 2.460589
2.375510 2.491048
2.364143 2.523183
