0.020000 0.000000
0.040000 0.345568
0.060000 0.347752
0.080000 0.349936
0.100000 0.352120
0.120000 0.354304
0.140000 0.356488
0.160000 0.358672
0.180000 0.360856
0.200000 0.363040
0.220000 0.365224
0.240000 0.367408
0.260000 0.369592
0.280000 0.371776
0.300000 0.373960
0.320000 0.376144
0.340000 0.378328
0.360000 0.380512
0.380000 0.382696
0.400000 0.384880
0.420000 0.387064
0.440000 0.389248
0.460000 0.391432
0.480000 0.393616
0.500000 0.395800
0.520000 0.397984
0.540000 0.400168
0.560000 0.402352
0.580000 0.404536
0.600000 0.406720
0.620000 0.408904
0.640000 0.411088
0.660000 0.413272
0.680000 0.415456
0.700000 0.417640
0.720000 0.419824
0.740000 0.422008
0.760000 0.424192
0.780000 0.426376
0.800000 0.428560
0.820000 0.430744
0.840000 0.432928
0.860000 0.435112
0.880000 0.437296
0.900000 0.439480
0.920000 0.441664
0.940000 0.443848
0.960000 0.446032
0.980000 0.448216
1.000000 0.450400
1.020000 0.452584
1.040000 0.454768
1.060000 0.456952
1.080000 0.459136
1.100000 0.461320
1.120000 0.463504
1.140000 0.465688
1.160000 0.467872
1.180000 0.470056
1.200000 0.472240
1.220000 0.474424
1.240000 0.476608
1.260000 0.478792
1.280000 0.480976
1.300000 0.483160
1.320000 0.485344
1.340000 0.487528
1.360000 0.489712
1.380000 0.491896
1.400000 0.494080
1.420000 0.496264
1.440000 0.498448
1.460000 0.500632
1.480000 0.502816
1.500000 0.505000
1.520000 0.507184
1.540000 0.509368
1.560000 0.511552
1.580000 0.513736
1.600000 0.515920
1.620000 0.518104
1.640000 0.520288
1.660000 0.522472
1.680000 0.524656
1.700000 0.526840
1.720000 0.529024
1.740000 0.531208
1.760000 0.533392
1.780000 0.535576
1.800000 0.537760
1.820000 0.539944
1.840000 0.542128
1.860000 0.544312
1.880000 0.546496
1.900000 0.548680
1.920000 0.550864
1.940000 0.553048
1.960000 0.555232
1.980000 0.557416
2.000000 0.559600
2.020000 0.561784
2.040000 0.563968
2.060000 0.566152
2.080000 0.568336
2.100000 0.570520
2.120000 0.572704
2.140000 0.574888
2.160000 0.577072
2.180000 0.579256
2.200000 0.581440
2.220000 0.583624
2.240000 0.585808
2.260000 0.587992
2.280000 0.590176
2.300000 0.592360
2.320000 0.594544
2.340000 0.596728
2.360000 0.598912
2.380000 0.601096
2.400000 0.603280
2.420000 0.605464
2.440000 0.607648
2.460000 0.609832
2.480000 0.612016
2.500000 0.614200
