0.000000 0.000000
0.040000 0.071703
0.060000 0.143556
0.080000 0.215559
0.100000 0.287715
0.120000 0.360023
0.140000 0.432485
0.160000 0.505103
0.180000 0.577876
0.200000 0.650807
0.220000 0.723896
0.240000 0.797145
0.260000 0.870554
0.280000 0.944125
0.300000 1.017858
0.320000 1.091756
0.340000 1.165818
0.360000 1.240047
0.380000 1.314443
0.400000 1.389007
0.420000 1.463740
0.440000 1.538644
0.460000 1.613720
0.480000 1.688968
0.500000 1.764391
0.520000 1.839988
0.540000 1.915761
0.560000 1.991711
0.580000 1.945246
0.600000 1.898684
0.620000 1.852023
0.640000 1.805264
0.660000 1.758405
0.680000 1.711444
0.700000 1.664381
0.720000 1.617215
0.740000 1.569944
0.760000 1.522568
0.780000 1.475085
0.800000 1.427495
0.820000 1.379795
0.840000 1.331986
0.860000 1.284066
0.880000 1.236033
0.900000 1.187887
0.920000 1.139627
0.940000 1.091250
0.960000 1.042757
0.980000 0.994145
1.000000 0.945414
1.020000 0.896563
1.040000 1.052483
1.060000 1.053843
1.080000 1.055211
1.100000 1.056587
1.120000 1.057970
1.140000 1.059362
1.160000 1.060760
1.180000 1.062166
1.200000 1.063579
1.220000 1.064998
1.240000 1.066424
1.260000 1.067855
1.280000 1.069292
1.300000 1.070734
1.320000 1.072181
1.340000 1.073631
1.360000 1.075085
1.380000 1.076541
1.400000 1.077998
1.420000 1.079456
1.440000 1.080914
1.460000 1.082370
1.480000 1.083822
1.500000 1.085271
1.520000 1.086713
1.540000 1.088147
1.560000 1.089571
1.580000 1.090982
1.600000 1.092378
1.620000 1.093755
1.640000 1.095112
1.660000 1.096442
1.680000 1.097744
1.700000 1.099011
1.720000 1.100238
1.740000 1.101420
1.760000 1.102548
1.780000 1.103617
1.800000 1.104616
1.820000 1.105536
1.840000 1.106365
1.860000 1.107091
1.880000 1.107697
1.900000 1.108168
1.920000 1.108483
1.940000 1.108619
1.960000 1.108551
1.980000 1.108227
2.000000 1.107640
2.020000 1.106740
2.040000 1.105478
2.060000 1.103797
2.080000 1.101629
2.100000 1.098893
2.120000 1.095496
2.140000 1.091322
2.160000 1.086234
2.180000 1.080067
2.200000 1.072620
2.220000 1.063648
2.240000 1.052851
2.260000 1.039858
2.280000 1.024211
2.300000 1.005342
2.320000 0.982541
2.340000 0.954923
2.360000 0.921382
2.380000 0.880548
2.400000 0.830739
2.420000 0.769933
2.440000 0.695795
2.460000 0.605810
2.480000 0.497628
2.500000 0.369723
