0.020000 0.000000
0.040000 0.898400
0.060000 0.897600
0.080000 0.896800
0.100000 0.896000
0.120000 0.895200
0.140000 0.894400
0.160000 0.893600
0.180000 0.892800
0.200000 0.892000
0.220000 0.891200
0.240000 0.890400
0.260000 0.889600
0.280000 0.888800
0.300000 0.888000
0.320000 0.887200
0.340000 0.886400
0.360000 0.885600
0.380000 0.884800
0.400000 0.884000
0.420000 0.883200
0.440000 0.882400
0.460000 0.881600
0.480000 0.880800
0.500000 0.880000
0.520000 0.879200
0.540000 0.878400
0.560000 0.877600
0.580000 0.876800
0.600000 0.876000
0.620000 0.875200
0.640000 0.874400
0.660000 0.873600
0.680000 0.872800
0.700000 0.872000
0.720000 0.871200
0.740000 0.870400
0.760000 0.869600
0.780000 0.868800
0.800000 0.868000
0.820000 0.867200
0.840000 0.866400
0.860000 0.865600
0.880000 0.864800
0.900000 0.864000
0.920000 0.863200
0.940000 0.862400
0.960000 0.861600
0.980000 0.860800
1.000000 0.860000
1.020000 0.859200
1.040000 0.858400
1.060000 0.857600
1.080000 0.856800
1.100000 0.856000
1.120000 0.855200
1.140000 0.854400
1.160000 0.853600
1.180000 0.852800
1.200000 0.852000
1.220000 0.851200
1.240000 0.850400
1.260000 0.849600
1.280000 0.848800
1.300000 0.848000
1.320000 0.847200
1.340000 0.846400
1.360000 0.845600
1.380000 0.844800
1.400000 0.844000
1.420000 0.843200
1.440000 0.842400
1.460000 0.841600
1.480000 0.840800
1.500000 0.840000
1.520000 0.839200
1.540000 0.838400
1.560000 0.837600
1.580000 0.836800
1.600000 0.836000
1.620000 0.835200
1.640000 0.834400
1.660000 0.833600
1.680000 0.832800
1.700000 0.832000
1.720000 0.831200
1.740000 0.830400
1.760000 0.829600
1.780000 0.828800
1.800000 0.828000
1.820000 0.827200
1.840000 0.826400
1.860000 0.825600
1.880000 0.824800
1.900000 0.824000
1.920000 0.823200
1.940000 0.822400
1.960000 0.821600
1.980000 0.820800
2.000000 0.820000
2.020000 0.819200
2.040000 0.818400
2.060000 0.817600
2.080000 0.816800
2.100000 0.816000
2.120000 0.815200
2.140000 0.814400
2.160000 0.813600
2.180000 0.812800
2.200000 0.812000
2.220000 0.811200
2.240000 0.810400
2.260000 0.809600
2.280000 0.808800
2.300000 0.808000
2.320000 0.807200
2.340000 0.806400
2.360000 0.805600
2.380000 0.804800
2.400000 0.804000
2.420000 0.803200
2.440000 0.802400
2.460000 0.801600
2.480000 0.800800
2.500000 0.800000
