0.000000 0.000000
0.040000 0.035478
0.060000 0.070652
0.080000 0.105518
0.100000 0.140072
0.120000 0.174308
0.140000 0.208222
0.160000 0.241808
0.180000 0.275062
0.200000 0.307977
0.220000 0.340550
0.240000 0.372773
0.260000 0.404643
0.280000 0.436152
0.300000 0.467295
0.320000 0.498065
0.340000 0.528458
0.360000 0.558465
0.380000 0.588082
0.400000 0.617301
0.420000 0.646115
0.440000 0.674517
0.460000 0.702501
0.480000 0.730059
0.500000 0.757183
0.520000 0.783866
0.540000 0.810099
0.560000 0.835875
0.580000 0.810130
0.600000 0.784576
0.620000 0.759218
0.640000 0.734059
0.660000 0.709104
0.680000 0.684358
0.700000 0.659824
0.720000 0.635508
0.740000 0.611414
0.760000 0.587547
0.780000 0.563912
0.800000 0.540514
0.820000 0.517360
0.840000 0.494455
0.860000 0.471804
0.880000 0.449414
0.900000 0.427291
0.920000 0.405442
0.940000 0.383874
0.960000 0.362594
0.980000 0.341609
1.000000 0.320928
1.020000 0.300557
1.040000 0.348315
1.060000 0.344179
1.080000 0.339962
1.100000 0.335661
1.120000 0.331274
1.140000 0.326798
1.160000 0.322229
1.180000 0.317565
1.200000 0.312801
1.220000 0.307934
1.240000 0.302960
1.260000 0.297875
1.280000 0.292674
1.300000 0.287354
1.320000 0.281909
1.340000 0.276334
1.360000 0.270624
1.380000 0.264773
1.400000 0.258775
1.420000 0.252624
1.440000 0.246313
1.460000 0.239834
1.480000 0.233181
1.500000 0.226344
1.520000 0.219316
1.540000 0.212087
1.560000 0.204647
1.580000 0.196985
1.600000 0.189090
1.620000 0.180951
1.640000 0.172554
1.660000 0.163885
1.680000 0.154929
1.700000 0.145670
1.720000 0.136090
1.740000 0.126171
1.760000 0.115893
1.780000 0.105232
1.800000 0.094166
1.820000 0.082668
1.840000 0.070711
1.860000 0.058262
1.880000 0.045289
1.900000 0.031755
1.920000 0.017618
1.940000 0.002836
1.960000 0.012642
1.980000 0.029629
2.000000 0.046670
2.020000 0.064584
2.040000 0.083444
2.060000 0.103331
2.080000 0.124333
2.100000 0.146552
2.120000 0.170096
2.140000 0.195091
2.160000 0.221674
2.180000 0.249997
2.200000 0.280231
2.220000 0.312564
2.240000 0.347203
2.260000 0.384370
2.280000 0.424306
2.300000 0.467260
2.320000 0.513476
2.340000 0.563176
2.360000 0.616522
2.380000 0.673557
2.400000 0.734109
2.420000 0.797651
2.440000 0.863084
2.460000 0.928460
2.480000 0.990662
2.500000 1.045155
