0.020000 1.010000
0.040000 1.020000
0.060000 1.030001
0.080000 1.040003
0.100000 1.050005
0.120000 1.060009
0.140000 1.070014
0.160000 1.080020
0.180000 1.090029
0.200000 1.100040
0.220000 1.110053
0.240000 1.120069
0.260000 1.130088
0.280000 1.140110
0.300000 1.150135
0.320000 1.160164
0.340000 1.170197
0.360000 1.180233
0.380000 1.190274
0.400000 1.200320
0.420000 1.210370
0.440000 1.220426
0.460000 1.230487
0.480000 1.240553
0.500000 1.250625
0.520000 1.260703
0.540000 1.270787
0.560000 1.280878
0.580000 1.290976
0.600000 1.301080
0.620000 1.311192
0.640000 1.321311
0.660000 1.331437
0.680000 1.341572
0.700000 1.351715
0.720000 1.361866
0.740000 1.372026
0.760000 1.382195
0.780000 1.392373
0.800000 1.402560
0.820000 1.412757
0.840000 1.422964
0.860000 1.433180
0.880000 1.443407
0.900000 1.453645
0.920000 1.463893
0.940000 1.474153
0.960000 1.484424
0.980000 1.494706
1.000000 1.505000
1.020000 1.515306
1.040000 1.525624
1.060000 1.535955
1.080000 1.546299
1.100000 1.556655
1.120000 1.567025
1.140000 1.577408
1.160000 1.587804
1.180000 1.598215
1.200000 1.608640
1.220000 1.619079
1.240000 1.629533
1.260000 1.640002
1.280000 1.650486
1.300000 1.660985
1.320000 1.671500
1.340000 1.682031
1.360000 1.692577
1.380000 1.703140
1.400000 1.713720
1.420000 1.724316
1.440000 1.734930
1.460000 1.745561
1.480000 1.756209
1.500000 1.766875
1.520000 1.777559
1.540000 1.788261
1.560000 1.798982
1.580000 1.809722
1.600000 1.820480
1.620000 1.831258
1.640000 1.842055
1.660000 1.852871
1.680000 1.863708
1.700000 1.874565
1.720000 1.885442
1.740000 1.896340
1.760000 1.907259
1.780000 1.918199
1.800000 1.929160
1.820000 1.940143
1.840000 1.951148
1.860000 1.962174
1.880000 1.973223
1.900000 1.984295
1.920000 1.995389
1.940000 2.006507
1.960000 2.017648
1.980000 2.028812
2.000000 2.040000
2.020000 2.051212
2.040000 2.062448
2.060000 2.073709
2.080000 2.084995
2.100000 2.096305
2.120000 2.107641
2.140000 2.119002
2.160000 2.130388
2.180000 2.141801
2.200000 2.153240
2.220000 2.164705
2.240000 2.176197
2.260000 2.187716
2.280000 2.199262
2.300000 2.210835
2.320000 2.222436
2.340000 2.234065
2.360000 2.245721
2.380000 2.257406
2.400000 2.269120
2.420000 2.280862
2.440000 2.292634
2.460000 2.304435
2.480000 2.316265
2.500000 2.328125
