0.000000 1.000000
0.020000 1.010000
0.040000 1.020000
0.060000 1.030001
0.080000 1.040003
0.100000 1.050005
0.120000 1.060009
0.140000 1.070014
0.160000 1.080020
0.180000 1.090029
0.200000 1.100040
0.220000 1.110053
0.240000 1.120069
0.260000 1.130088
0.280000 1.140110
0.300000 1.150135
0.320000 1.160164
0.340000 1.170197
0.360000 1.180233
0.380000 1.190274
0.400000 1.200320
0.420000 1.210370
0.440000 1.220426
0.460000 1.230487
0.480000 1.240553
0.500000 1.250625
0.520000 1.260703
0.540000 1.270787
0.560000 1.280878
0.580000 1.290976
0.600000 1.301080
0.620000 1.311192
0.640000 1.321311
0.660000 1.331437
0.680000 1.341572
0.700000 1.351715
0.720000 1.361866
0.740000 1.372026
0.760000 1.382195
0.780000 1.392373
0.800000 1.402560
0.820000 1.412757
0.840000 1.422964
0.860000 1.433180
0.880000 1.443407
0.900000 1.453645
0.920000 1.463893
0.940000 1.474153
0.960000 1.484424
0.980000 1.494706
1.000000 1.505000
1.020000 1.515306
1.040000 1.525624
1.060000 1.535955
1.080000 1.546299
1.100000 1.556655
1.120000 1.567025
1.140000 1.577408
1.160000 1.587804
1.180000 1.598215
1.200000 1.608640
1.220000 1.619079
1.240000 1.629533
1.260000 1.640002
1.280000 1.650486
1.300000 1.660985
1.320000 1.671500
1.340000 1.682031
1.360000 1.692577
1.380000 1.703140
1.400000 1.713720
1.420000 1.724316
1.440000 1.734930
1.460000 1.745561
1.480000 1.756209
1.500000 1.766875
1.520000 1.777559
1.540000 1.788261
1.560000 1.798982
1.580000 1.809722
1.600000 1.820480
1.620000 1.831258
1.640000 1.842055
1.660000 1.852871
1.680000 1.863708
1.700000 1.874565
1.720000 1.885442
1.740000 1.896340
1.760000 1.907259
1.780000 1.918199
1.800000 1.929160
1.820000 1.940143
1.840000 1.951148
1.860000 1.962174
1.880000 1.973223
1.900000 1.984295
1.920000 1.995389
1.940000 2.006507
1.960000 2.017648
1.980000 2.028812
2.000000 2.040000
2.020000 2.051212
2.040000 2.062448
2.060000 2.073709
2.080000 2.084995
2.100000 2.096305
2.120000 2.107641
2.140000 2.119002
2.160000 2.130388
2.180000 2.141801
2.200000 2.153240
2.220000 2.164705
2.240000 2.176197
2.260000 2.187716
2.280000 2.199262
2.300000 2.210835
2.320000 2.222436
2.340000 2.234065
2.360000 2.245721
2.380000 2.257406
2.400000 2.269120
2.420000 2.280862
2.440000 2.292634
2.460000 2.304435
2.480000 2.316265
2.500000 2.328125
2.520000 2.340015
2.540000 2.351935
2.560000 2.363886
2.580000 2.375868
2.600000 2.387880
2.620000 2.399924
2.640000 2.411999
2.660000 2.424105
2.680000 2.436244
2.700000 2.448415
2.720000 2.460618
2.740000 2.472854
2.760000 2.485123
2.780000 2.497425
2.800000 2.509760
2.820000 2.522129
2.840000 2.534532
2.860000 2.546968
2.880000 2.559439
2.900000 2.571945
2.920000 2.584485
2.940000 2.597061
2.960000 2.609672
2.980000 2.622318
3.000000 2.635000
3.020000 2.647718
3.040000 2.660472
3.060000 2.673263
3.080000 2.686091
3.100000 2.698955
3.120000 2.711857
3.140000 2.724796
3.160000 2.737772
3.180000 2.750787
3.200000 2.763840
3.220000 2.776931
3.240000 2.790061
3.260000 2.803230
3.280000 2.816438
3.300000 2.829685
3.320000 2.842972
3.340000 2.856299
3.360000 2.869665
3.380000 2.883072
3.400000 2.896520
3.420000 2.910008
3.440000 2.923538
3.460000 2.937109
3.480000 2.950721
3.500000 2.964375
3.520000 2.978071
3.540000 2.991809
3.560000 3.005590
3.580000 3.019414
3.600000 3.033280
3.620000 3.047190
3.640000 3.061143
3.660000 3.075139
3.680000 3.089180
3.700000 3.103265
3.720000 3.117394
3.740000 3.131568
3.760000 3.145787
3.780000 3.160051
3.800000 3.174360
3.820000 3.188715
3.840000 3.203116
3.860000 3.217562
3.880000 3.232055
3.900000 3.246595
3.920000 3.261181
3.940000 3.275815
3.960000 3.290496
3.980000 3.305224
4.000000 3.320000
4.020000 3.334824
4.040000 3.349696
4.060000 3.364617
4.080000 3.379587
4.100000 3.394605
4.120000 3.409673
4.140000 3.424790
4.160000 3.439956
4.180000 3.455173
4.200000 3.470440
4.220000 3.485757
4.240000 3.501125
4.260000 3.516544
4.280000 3.532014
4.300000 3.547535
4.320000 3.563108
4.340000 3.578733
4.360000 3.594409
4.380000 3.610138
4.400000 3.625920
4.420000 3.641754
4.440000 3.657642
4.460000 3.673583
4.480000 3.689577
4.500000 3.705625
4.520000 3.721727
4.540000 3.737883
4.560000 3.754094
4.580000 3.770360
4.600000 3.786680
4.620000 3.803056
4.640000 3.819487
4.660000 3.835973
4.680000 3.852516
4.700000 3.869115
4.720000 3.885770
4.740000 3.902482
4.760000 3.919251
4.780000 3.936077
4.800000 3.952960
4.820000 3.969901
4.840000 3.986900
4.860000 4.003956
4.880000 4.021071
4.900000 4.038245
4.920000 4.055477
4.940000 4.072769
4.960000 4.090120
4.980000 4.107530
5.000000 4.125000
5.020000 4.142530
5.040000 4.160120
5.060000 4.177771
5.080000 4.195483
5.100000 4.213255
5.120000 4.231089
5.140000 4.248984
5.160000 4.266940
5.180000 4.284959
5.200000 4.303040
5.220000 4.321183
5.240000 4.339389
5.260000 4.357658
5.280000 4.375990
5.300000 4.394385
5.320000 4.412844
5.340000 4.431367
5.360000 4.449953
5.380000 4.468604
5.400000 4.487320
5.420000 4.506100
5.440000 4.524946
5.460000 4.543857
5.480000 4.562833
5.500000 4.581875
5.520000 4.600983
5.540000 4.620157
5.560000 4.639398
5.580000 4.658706
5.600000 4.678080
5.620000 4.697522
5.640000 4.717031
5.660000 4.736607
5.680000 4.756252
5.700000 4.775965
5.720000 4.795746
5.740000 4.815596
5.760000 4.835515
5.780000 4.855503
5.800000 4.875560
5.820000 4.895687
5.840000 4.915884
5.860000 4.936150
5.880000 4.956487
5.900000 4.976895
5.920000 4.997373
5.940000 5.017923
5.960000 5.038544
5.980000 5.059236
6.000000 5.080000
6.020000 5.100836
6.040000 5.121744
6.060000 5.142725
6.080000 5.163779
6.100000 5.184905
6.120000 5.206105
6.140000 5.227378
6.160000 5.248724
6.180000 5.270145
6.200000 5.291640
6.220000 5.313209
6.240000 5.334853
6.260000 5.356572
6.280000 5.378366
6.300000 5.400235
6.320000 5.422180
6.340000 5.444201
6.360000 5.466297
6.380000 5.488470
6.400000 5.510720
6.420000 5.533046
6.440000 5.555450
6.460000 5.577931
6.480000 5.600489
6.500000 5.623125
6.520000 5.645839
6.540000 5.668631
6.560000 5.691502
6.580000 5.714452
6.600000 5.737480
6.620000 5.760588
6.640000 5.783775
6.660000 5.807041
6.680000 5.830388
6.700000 5.853815
6.720000 5.877322
6.740000 5.900910
6.760000 5.924579
6.780000 5.948329
6.800000 5.972160
6.820000 5.996073
6.840000 6.020068
6.860000 6.044144
6.880000 6.068303
6.900000 6.092545
6.920000 6.116869
6.940000 6.141277
6.960000 6.165768
6.980000 6.190342
7.000000 6.215000
7.020000 6.239742
7.040000 6.264568
7.060000 6.289479
7.080000 6.314475
7.100000 6.339555
7.120000 6.364721
7.140000 6.389972
7.160000 6.415308
7.180000 6.440731
7.200000 6.466240
7.220000 6.491835
7.240000 6.517517
7.260000 6.543286
7.280000 6.569142
