0.000000 6.000000
0.040000 5.979385
0.060000 5.958749
0.080000 5.938091
0.100000 5.917412
0.120000 5.896711
0.140000 5.875987
0.160000 5.855242
0.180000 5.834475
0.200000 5.813685
0.220000 5.792873
0.240000 5.772038
0.260000 5.751181
0.280000 5.730302
0.300000 5.709399
0.320000 5.688474
0.340000 5.667526
0.360000 5.646554
0.380000 5.625560
0.400000 5.604542
0.420000 5.583501
0.440000 5.562436
0.460000 5.541347
0.480000 5.520235
0.500000 5.499099
0.520000 5.477940
0.540000 5.456756
0.560000 5.435548
0.580000 5.405084
0.600000 5.374585
0.620000 5.344051
0.640000 5.313482
0.660000 5.282877
0.680000 5.252236
0.700000 5.221558
0.720000 5.190845
0.740000 5.160094
0.760000 5.129307
0.780000 5.098483
0.800000 5.067621
0.820000 5.036722
0.840000 5.005784
0.860000 4.974809
0.880000 4.943796
0.900000 4.912743
0.920000 4.881652
0.940000 4.850522
0.960000 4.819353
0.980000 4.788144
1.000000 4.756895
1.020000 4.725607
1.040000 4.693247
1.060000 4.660845
1.080000 4.628401
1.100000 4.595914
1.120000 4.563386
1.140000 4.530814
1.160000 4.498199
1.180000 4.465541
1.200000 4.432840
1.220000 4.400095
1.240000 4.367306
1.260000 4.334474
1.280000 4.301597
1.300000 4.268675
1.320000 4.235710
1.340000 4.202699
1.360000 4.169644
1.380000 4.136544
1.400000 4.103400
1.420000 4.070210
1.440000 4.036976
1.460000 4.003697
1.480000 3.970373
1.500000 3.937005
1.520000 3.903593
1.540000 3.870136
1.560000 3.836635
1.580000 3.803092
1.600000 3.769505
1.620000 3.735876
1.640000 3.702205
1.660000 3.668493
1.680000 3.634741
1.700000 3.600951
1.720000 3.567122
1.740000 3.533258
1.760000 3.499358
1.780000 3.465426
1.800000 3.431463
1.820000 3.397471
1.840000 3.363455
1.860000 3.329415
1.880000 3.295358
1.900000 3.261285
1.920000 3.227204
1.940000 3.193117
1.960000 3.159033
1.980000 3.124959
2.000000 3.090903
2.020000 3.056875
2.040000 3.022886
2.060000 2.988948
2.080000 2.955076
2.100000 2.921289
2.120000 2.887607
2.140000 2.854052
2.160000 2.820655
2.180000 2.787446
2.200000 2.754467
2.220000 2.721764
2.240000 2.689392
2.260000 2.657420
2.280000 2.625929
2.300000 2.595019
2.320000 2.564809
2.340000 2.535449
2.360000 2.507119
2.380000 2.480046
2.400000 2.454503
2.420000 2.430831
2.440000 2.409437
2.460000 2.390811
2.480000 2.375510
2.500000 2.364143
