0.020000 0.517992
0.040000 0.535968
0.060000 0.553928
0.080000 0.571872
0.100000 0.589800
0.120000 0.607712
0.140000 0.625608
0.160000 0.643488
0.180000 0.661352
0.200000 0.679200
0.220000 0.697032
0.240000 0.714848
0.260000 0.732648
0.280000 0.750432
0.300000 0.768200
0.320000 0.785952
0.340000 0.803688
0.360000 0.821408
0.380000 0.839112
0.400000 0.856800
0.420000 0.874472
0.440000 0.892128
0.460000 0.909768
0.480000 0.927392
0.500000 0.945000
0.520000 0.962592
0.540000 0.980168
0.560000 0.997728
0.580000 1.015272
0.600000 1.032800
0.620000 1.050312
0.640000 1.067808
0.660000 1.085288
0.680000 1.102752
0.700000 1.120200
0.720000 1.137632
0.740000 1.155048
0.760000 1.172448
0.780000 1.189832
0.800000 1.207200
0.820000 1.224552
0.840000 1.241888
0.860000 1.259208
0.880000 1.276512
0.900000 1.293800
0.920000 1.311072
0.940000 1.328328
0.960000 1.345568
0.980000 1.362792
1.000000 1.380000
1.020000 1.397192
1.040000 1.414368
1.060000 1.431528
1.080000 1.448672
1.100000 1.465800
1.120000 1.482912
1.140000 1.500008
1.160000 1.517088
1.180000 1.534152
1.200000 1.551200
1.220000 1.568232
1.240000 1.585248
1.260000 1.602248
1.280000 1.619232
1.300000 1.636200
1.320000 1.653152
1.340000 1.670088
1.360000 1.687008
1.380000 1.703912
1.400000 1.720800
1.420000 1.737672
1.440000 1.754528
1.460000 1.771368
1.480000 1.788192
1.500000 1.805000
1.520000 1.821792
1.540000 1.838568
1.560000 1.855328
1.580000 1.872072
1.600000 1.888800
1.620000 1.905512
1.640000 1.922208
1.660000 1.938888
1.680000 1.955552
1.700000 1.972200
1.720000 1.988832
1.740000 2.005448
1.760000 2.022048
1.780000 2.038632
1.800000 2.055200
1.820000 2.071752
1.840000 2.088288
1.860000 2.104808
1.880000 2.121312
1.900000 2.137800
1.920000 2.154272
1.940000 2.170728
1.960000 2.187168
1.980000 2.203592
2.000000 2.220000
2.020000 2.236392
2.040000 2.252768
2.060000 2.269128
2.080000 2.285472
2.100000 2.301800
2.120000 2.318112
2.140000 2.334408
2.160000 2.350688
2.180000 2.366952
2.200000 2.383200
2.220000 2.399432
2.240000 2.415648
2.260000 2.431848
2.280000 2.448032
2.300000 2.464200
2.320000 2.480352
2.340000 2.496488
2.360000 2.512608
2.380000 2.528712
2.400000 2.544800
2.420000 2.560872
2.440000 2.576928
2.460000 2.592968
2.480000 2.608992
2.500000 2.625000
