0.000000 0.500000
0.020000 0.517992
0.040000 0.535968
0.060000 0.553928
0.080000 0.571872
0.100000 0.589800
0.120000 0.607712
0.140000 0.625608
0.160000 0.643488
0.180000 0.661352
0.200000 0.679200
0.220000 0.697032
0.240000 0.714848
0.260000 0.732648
0.280000 0.750432
0.300000 0.768200
0.320000 0.785952
0.340000 0.803688
0.360000 0.821408
0.380000 0.839112
0.400000 0.856800
0.420000 0.874472
0.440000 0.892128
0.460000 0.909768
0.480000 0.927392
0.500000 0.945000
0.520000 0.962592
0.540000 0.980168
0.560000 0.997728
0.580000 1.015272
0.600000 1.032800
0.620000 1.050312
0.640000 1.067808
0.660000 1.085288
0.680000 1.102752
0.700000 1.120200
0.720000 1.137632
0.740000 1.155048
0.760000 1.172448
0.780000 1.189832
0.800000 1.207200
0.820000 1.224552
0.840000 1.241888
0.860000 1.259208
0.880000 1.276512
0.900000 1.293800
0.920000 1.311072
0.940000 1.328328
0.960000 1.345568
0.980000 1.362792
1.000000 1.380000
1.020000 1.397192
1.040000 1.414368
1.060000 1.431528
1.080000 1.448672
1.100000 1.465800
1.120000 1.482912
1.140000 1.500008
1.160000 1.517088
1.180000 1.534152
1.200000 1.551200
1.220000 1.568232
1.240000 1.585248
1.260000 1.602248
1.280000 1.619232
1.300000 1.636200
1.320000 1.653152
1.340000 1.670088
1.360000 1.687008
1.380000 1.703912
1.400000 1.720800
1.420000 1.737672
1.440000 1.754528
1.460000 1.771368
1.480000 1.788192
1.500000 1.805000
1.520000 1.821792
1.540000 1.838568
1.560000 1.855328
1.580000 1.872072
1.600000 1.888800
1.620000 1.905512
1.640000 1.922208
1.660000 1.938888
1.680000 1.955552
1.700000 1.972200
1.720000 1.988832
1.740000 2.005448
1.760000 2.022048
1.780000 2.038632
1.800000 2.055200
1.820000 2.071752
1.840000 2.088288
1.860000 2.104808
1.880000 2.121312
1.900000 2.137800
1.920000 2.154272
1.940000 2.170728
1.960000 2.187168
1.980000 2.203592
2.000000 2.220000
2.020000 2.236392
2.040000 2.252768
2.060000 2.269128
2.080000 2.285472
2.100000 2.301800
2.120000 2.318112
2.140000 2.334408
2.160000 2.350688
2.180000 2.366952
2.200000 2.383200
2.220000 2.399432
2.240000 2.415648
2.260000 2.431848
2.280000 2.448032
2.300000 2.464200
2.320000 2.480352
2.340000 2.496488
2.360000 2.512608
2.380000 2.528712
2.400000 2.544800
2.420000 2.560872
2.440000 2.576928
2.460000 2.592968
2.480000 2.608992
2.500000 2.625000
2.520000 2.640992
2.540000 2.656968
2.560000 2.672928
2.580000 2.688872
2.600000 2.704800
2.620000 2.720712
2.640000 2.736608
2.660000 2.752488
2.680000 2.768352
2.700000 2.784200
2.720000 2.800032
2.740000 2.815848
2.760000 2.831648
2.780000 2.847432
2.800000 2.863200
2.820000 2.878952
2.840000 2.894688
2.860000 2.910408
2.880000 2.926112
2.900000 2.941800
2.920000 2.957472
2.940000 2.973128
2.960000 2.988768
2.980000 3.004392
3.000000 3.020000
3.020000 3.035592
3.040000 3.051168
3.060000 3.066728
3.080000 3.082272
3.100000 3.097800
3.120000 3.113312
3.140000 3.128808
3.160000 3.144288
3.180000 3.159752
3.200000 3.175200
3.220000 3.190632
3.240000 3.206048
3.260000 3.221448
3.280000 3.236832
3.300000 3.252200
3.320000 3.267552
3.340000 3.282888
3.360000 3.298208
3.380000 3.313512
3.400000 3.328800
3.420000 3.344072
3.440000 3.359328
3.460000 3.374568
3.480000 3.389792
3.500000 3.405000
3.520000 3.420192
3.540000 3.435368
3.560000 3.450528
3.580000 3.465672
3.600000 3.480800
3.620000 3.495912
3.640000 3.511008
3.660000 3.526088
3.680000 3.541152
3.700000 3.556200
3.720000 3.571232
3.740000 3.586248
3.760000 3.601248
3.780000 3.616232
3.800000 3.631200
3.820000 3.646152
3.840000 3.661088
3.860000 3.676008
3.880000 3.690912
3.900000 3.705800
3.920000 3.720672
3.940000 3.735528
3.960000 3.750368
3.980000 3.765192
4.000000 3.780000
4.020000 3.794792
4.040000 3.809568
4.060000 3.824328
4.080000 3.839072
4.100000 3.853800
4.120000 3.868512
4.140000 3.883208
4.160000 3.897888
4.180000 3.912552
4.200000 3.927200
4.220000 3.941832
4.240000 3.956448
4.260000 3.971048
4.280000 3.985632
4.300000 4.000200
4.320000 4.014752
4.340000 4.029288
4.360000 4.043808
4.380000 4.058312
4.400000 4.072800
4.420000 4.087272
4.440000 4.101728
4.460000 4.116168
4.480000 4.130592
4.500000 4.145000
4.520000 4.159392
4.540000 4.173768
4.560000 4.188128
4.580000 4.202472
4.600000 4.216800
4.620000 4.231112
4.640000 4.245408
4.660000 4.259688
4.680000 4.273952
4.700000 4.288200
4.720000 4.302432
4.740000 4.316648
4.760000 4.330848
4.780000 4.345032
4.800000 4.359200
4.820000 4.373352
4.840000 4.387488
4.860000 4.401608
4.880000 4.415712
4.900000 4.429800
4.920000 4.443872
4.940000 4.457928
4.960000 4.471968
4.980000 4.485992
5.000000 4.500000
5.020000 4.513992
5.040000 4.527968
5.060000 4.541928
5.080000 4.555872
5.100000 4.569800
5.120000 4.583712
5.140000 4.597608
5.160000 4.611488
5.180000 4.625352
5.200000 4.639200
5.220000 4.653032
5.240000 4.666848
5.260000 4.680648
5.280000 4.694432
5.300000 4.708200
5.320000 4.721952
5.340000 4.735688
5.360000 4.749408
5.380000 4.763112
5.400000 4.776800
5.420000 4.790472
5.440000 4.804128
5.460000 4.817768
5.480000 4.831392
5.500000 4.845000
5.520000 4.858592
5.540000 4.872168
5.560000 4.885728
5.580000 4.899272
5.600000 4.912800
5.620000 4.926312
5.640000 4.939808
5.660000 4.953288
5.680000 4.966752
5.700000 4.980200
5.720000 4.993632
5.740000 5.007048
5.760000 5.020448
5.780000 5.033832
5.800000 5.047200
5.820000 5.060552
5.840000 5.073888
5.860000 5.087208
5.880000 5.100512
5.900000 5.113800
5.920000 5.127072
5.940000 5.140328
5.960000 5.153568
5.980000 5.166792
6.000000 5.180000
6.020000 5.193192
6.040000 5.206368
6.060000 5.219528
6.080000 5.232672
6.100000 5.245800
6.120000 5.258912
6.140000 5.272008
6.160000 5.285088
6.180000 5.298152
6.200000 5.311200
6.220000 5.324232
6.240000 5.337248
6.260000 5.350248
6.280000 5.363232
6.300000 5.376200
6.320000 5.389152
6.340000 5.402088
6.360000 5.415008
6.380000 5.427912
6.400000 5.440800
6.420000 5.453672
6.440000 5.466528
6.460000 5.479368
6.480000 5.492192
6.500000 5.505000
6.520000 5.517792
6.540000 5.530568
6.560000 5.543328
6.580000 5.556072
6.600000 5.568800
6.620000 5.581512
6.640000 5.594208
6.660000 5.606888
6.680000 5.619552
6.700000 5.632200
6.720000 5.644832
6.740000 5.657448
6.760000 5.670048
6.780000 5.682632
6.800000 5.695200
6.820000 5.707752
6.840000 5.720288
6.860000 5.732808
6.880000 5.745312
6.900000 5.757800
6.920000 5.770272
6.940000 5.782728
6.960000 5.795168
6.980000 5.807592
7.000000 5.820000
7.020000 5.832392
7.040000 5.844768
7.060000 5.857128
7.080000 5.869472
7.100000 5.881800
7.120000 5.894112
7.140000 5.906408
7.160000 5.918688
7.180000 5.930952
7.200000 5.943200
7.220000 5.955432
7.240000 5.967648
7.260000 5.979848
7.280000 5.992032
