0.000000 3.000000
0.040000 2.989800
0.060000 2.979644
0.080000 2.969532
0.100000 2.959464
0.120000 2.949441
0.140000 2.939464
0.160000 2.929533
0.180000 2.919648
0.200000 2.909809
0.220000 2.900019
0.240000 2.890276
0.260000 2.880581
0.280000 2.870935
0.300000 2.861339
0.320000 2.851793
0.340000 2.842297
0.360000 2.832853
0.380000 2.823460
0.400000 2.814119
0.420000 2.804831
0.440000 2.795597
0.460000 2.786416
0.480000 2.777290
0.500000 2.768220
0.520000 2.759206
0.540000 2.750248
0.560000 2.741347
0.580000 2.728660
0.600000 2.716057
0.620000 2.703540
0.640000 2.691110
0.660000 2.678768
0.680000 2.666516
0.700000 2.654354
0.720000 2.642285
0.740000 2.630309
0.760000 2.618428
0.780000 2.606644
0.800000 2.594959
0.820000 2.583373
0.840000 2.571889
0.860000 2.560507
0.880000 2.549231
0.900000 2.538061
0.920000 2.527000
0.940000 2.516049
0.960000 2.505211
0.980000 2.494487
1.000000 2.483879
1.020000 2.473390
1.040000 2.462681
1.060000 2.452099
1.080000 2.441646
1.100000 2.431326
1.120000 2.421140
1.140000 2.411092
1.160000 2.401185
1.180000 2.391421
1.200000 2.381803
1.220000 2.372335
1.240000 2.363020
1.260000 2.353862
1.280000 2.344863
1.300000 2.336028
1.320000 2.327360
1.340000 2.318864
1.360000 2.310543
1.380000 2.302403
1.400000 2.294446
1.420000 2.286679
1.440000 2.279106
1.460000 2.271732
1.480000 2.264562
1.500000 2.257603
1.520000 2.250860
1.540000 2.244339
1.560000 2.238046
1.580000 2.231990
1.600000 2.226176
1.620000 2.220612
1.640000 2.215307
1.660000 2.210268
1.680000 2.205505
1.700000 2.201026
1.720000 2.196842
1.740000 2.192962
1.760000 2.189399
1.780000 2.186163
1.800000 2.183268
1.820000 2.180726
1.840000 2.178552
1.860000 2.176761
1.880000 2.175368
1.900000 2.174392
1.920000 2.173850
1.940000 2.173763
1.960000 2.173375
1.980000 2.174286
2.000000 2.175720
2.020000 2.177706
2.040000 2.180272
2.060000 2.183449
2.080000 2.187272
2.100000 2.191778
2.120000 2.197007
2.140000 2.203006
2.160000 2.209822
2.180000 2.217508
2.200000 2.226124
2.220000 2.235734
2.240000 2.246410
2.260000 2.258228
2.280000 2.271274
2.300000 2.285640
2.320000 2.301428
2.340000 2.318743
2.360000 2.337699
2.380000 2.358409
2.400000 2.380980
2.420000 2.405505
2.440000 2.432042
2.460000 2.460589
2.480000 2.491048
2.500000 2.523183
